66666 1501  032 0001 1501 0 6             MEKKHALA              20150217
15011300 002 2 087 1429 1006     000                                    
15011306 002 2 085 1424 1004     000                                    
15011312 002 3 086 1417 1002     035     00000 0000 80210 0150          
15011318 002 3 092 1407 1002     035     00000 0000 80210 0150          
15011400 002 3 101 1395 1002     035     00000 0000 80180 0150          
15011406 002 3 103 1384 1000     035     00000 0000 80180 0150          
15011412 002 3 109 1371 1000     035     00000 0000 80180 0150          
15011418 002 3 113 1356 1000     035     00000 0000 80180 0150          
15011500 002 3 114 1342  998     035     00000 0000 80180 0150          
15011506 002 3 116 1332  996     035     00000 0000 80180 0150          
15011512 002 3 117 1327  994     040     00000 0000 80180 0150          
15011518 002 3 116 1317  992     040     00000 0000 80180 0150          
15011600 002 3 113 1307  990     045     00000 0000 80210 0150          
15011606 002 4 113 1293  985     050     00000 0000 80210 0150          
15011612 002 4 112 1285  980     050     00000 0000 80210 0150          
15011618 002 4 110 1275  975     060     90050 0050 80210 0150          
15011700 002 4 114 1267  975     060     90050 0050 80210 0150          
15011706 002 4 119 1260  975     060     90050 0050 80210 0120          
15011712 002 3 124 1252  990     045     00000 0000 80210 0120          
15011718 002 3 127 1243  992     040     00000 0000 10210 0120          
15011800 002 3 135 1236  996     035     00000 0000 10180 0090          
15011806 002 3 139 1229  996     035     00000 0000 10150 0090          
15011812 002 3 148 1226 1000     035     00000 0000 10150 0090          
15011818 002 2 160 1225 1004     000                                    
15011900 002 2 166 1228 1010     000                                    
15011906 002 2 168 1231 1010     000                                    
15011912 002 2 168 1233 1012     000                                    
15011918 002 2 168 1239 1012     000                                    
15012000 002 2 168 1244 1012     000                                    
15012006 002 2 169 1247 1012     000                                    
15012012 002 2 170 1250 1012     000                                    
15012018 002 2 173 1252 1012     000                                    
66666 1502  025 0002 1502 0 6                HIGOS              20150304
15020612 002 2 086 1583 1008     000                                    
15020618 002 2 091 1579 1006     000                                    
15020700 002 2 097 1577 1004     000                                    
15020706 002 2 103 1574 1004     000                                    
15020712 002 2 108 1575 1004     000                                    
15020718 002 3 116 1575 1000     035     00000 0000 80180 0120          
15020800 002 3 119 1573  996     040     00000 0000 80210 0120          
15020806 002 3 120 1570  990     045     00000 0000 80210 0120          
15020812 002 3 119 1569  990     045     00000 0000 80210 0120          
15020818 002 4 119 1567  985     050     00000 0000 80180 0120          
15020900 002 4 121 1564  985     050     00000 0000 80150 0120          
15020906 002 4 123 1561  980     055     90040 0040 80150 0120          
15020912 002 4 126 1557  975     060     90050 0050 10150 0120          
15020918 002 5 130 1552  965     070     90050 0050 10150 0120          
15021000 002 5 136 1547  955     080     90060 0060 10150 0120          
15021006 002 5 142 1542  940     090     90060 0060 10150 0120          
15021012 002 5 147 1541  955     080     90060 0060 10150 0120          
15021018 002 5 150 1536  975     065     10050 0030 10140 0110          
15021100 002 4 153 1532  990     050     00000 0000 10120 0090          
15021106 002 3 155 1528  994     040     00000 0000 10120 0090          
15021112 002 2 161 1525 1002     000                                    
15021118 002 2 165 1522 1004     000                                    
15021200 002 2 166 1521 1006     000                                    
15021206 002 2 174 1526 1004     000                                    
15021212 002 2 182 1528 1008     000                                    
66666 1503  046 0003 1503 0 6                 BAVI              20150420
15031006 002 2 043 1734  998     000                                    
15031012 002 2 054 1727  998     000                                    
15031018 002 2 063 1718  998     000                                    
15031100 002 2 067 1709  998     000                                    
15031106 002 3 068 1700  996     035     00000 0000 80210 0120          
15031112 002 3 068 1690  996     035     00000 0000 80210 0120          
15031118 002 3 073 1681  996     035     00000 0000 80210 0120          
15031200 002 3 074 1669  994     035     00000 0000 80210 0120          
15031206 002 3 081 1661  994     035     00000 0000 80210 0120          
15031212 002 3 083 1640  992     040     00000 0000 80240 0120          
15031218 002 3 084 1625  992     040     00000 0000 80240 0120          
15031300 002 3 087 1608  992     040     00000 0000 80240 0120          
15031306 002 3 090 1599  992     040     00000 0000 80270 0120          
15031312 002 3 098 1586  992     040     00000 0000 80270 0120          
15031318 002 3 110 1569  990     045     00000 0000 80270 0120          
15031400 002 3 117 1545  990     045     00000 0000 80270 0120          
15031406 002 3 126 1526  990     045     00000 0000 80300 0120          
15031412 002 3 135 1510  990     045     00000 0000 80300 0120          
15031418 002 3 140 1494  990     045     00000 0000 80325 0120          
15031500 002 3 142 1480  990     045     00000 0000 80325 0120          
15031506 002 3 143 1466  990     045     00000 0000 80300 0120          
15031512 002 3 132 1452  992     045     00000 0000 80300 0120          
15031518 002 3 131 1423  994     040     00000 0000 80270 0120          
15031600 002 3 134 1410  996     035     00000 0000 80240 0120          
15031606 002 3 141 1396  996     035     00000 0000 80240 0120          
15031612 002 3 145 1384  996     035     00000 0000 80210 0090          
15031618 002 3 149 1373  996     035     00000 0000 80150 0090          
15031700 002 3 151 1364  996     035     00000 0000 80150 0090          
15031706 002 3 153 1354  998     035     00000 0000 80120 0060          
15031712 002 2 154 1345 1000     000                                    
15031718 002 2 157 1334 1002     000                                    
15031800 002 2 159 1330 1004     000                                    
15031806 002 2 161 1320 1004     000                                    
15031812 002 2 161 1312 1008     000                                    
15031818 002 2 161 1306 1008     000                                    
15031900 002 2 161 1299 1010     000                                    
15031906 002 2 156 1290 1008     000                                    
15031912 002 2 154 1282 1010     000                                    
15031918 002 2 152 1275 1008     000                                    
15032000 002 2 150 1267 1008     000                                    
15032006 002 2 146 1259 1008     000                                    
15032012 002 2 146 1251 1010     000                                    
15032018 002 2 146 1243 1008     000                                    
15032100 002 2 144 1235 1010     000                                    
15032106 002 2 141 1226 1010     000                                    
15032112 002 2 138 1217 1010     000                                    
66666 1504  047 0004 1504 0 6               MAYSAK              20150519
15032612 002 2 067 1599 1008     000                                    
15032618 002 2 069 1592 1006     000                                    
15032700 002 2 072 1585 1008     000                                    
15032706 002 2 074 1579 1006     000                                    
15032712 002 2 077 1574 1006     000                                    
15032718 002 3 078 1568 1002     035     00000 0000 90090 0090          
15032800 002 3 078 1555  998     035     00000 0000 90090 0090          
15032806 002 3 076 1544  994     045     00000 0000 80120 0090          
15032812 002 4 073 1539  985     050     00000 0000 80120 0090          
15032818 002 4 074 1531  980     055     90040 0040 90120 0120          
15032900 002 5 076 1522  970     065     90040 0040 90120 0120          
15032906 002 5 078 1511  965     070     90040 0040 80150 0120          
15032912 002 5 080 1495  950     080     90050 0050 80150 0120          
15032918 002 5 081 1480  950     080     90050 0050 80150 0120          
15033000 002 5 085 1469  950     080     80060 0050 80180 0120          
15033006 002 5 088 1457  950     080     80060 0050 80180 0120          
15033012 002 5 090 1449  940     085     80070 0050 80180 0120          
15033018 002 5 094 1437  925     095     80070 0050 80180 0120          
15033100 002 5 096 1425  915     100     80080 0050 80180 0120          
15033106 002 5 100 1413  910     105     80080 0060 80180 0120          
15033112 002 5 102 1399  910     105     80080 0060 80180 0120          
15033118 002 5 103 1387  910     105     80080 0060 80180 0150          
15040100 002 5 107 1377  910     105     80080 0060 80180 0150          
15040106 002 5 112 1366  910     105     80080 0060 80180 0150          
15040112 002 5 117 1357  910     105     80080 0060 80180 0150          
15040118 002 5 120 1347  910     105     80080 0060 80180 0150          
15040200 002 5 123 1340  925     095     80080 0060 80180 0150          
15040206 002 5 128 1334  940     085     80070 0050 80180 0150          
15040212 002 5 132 1326  940     085     80070 0050 80180 0150          
15040218 002 5 137 1320  940     085     80070 0050 80180 0150          
15040300 002 5 139 1311  945     085     10060 0050 10160 0120          
15040306 002 5 141 1300  950     080     10060 0050 10160 0120          
15040312 002 5 141 1290  955     075     10060 0050 10160 0120          
15040318 002 5 143 1278  960     075     90040 0040 10130 0100          
15040400 002 5 147 1266  965     070     90040 0040 10130 0100          
15040406 002 4 152 1251  980     055     90030 0030 10110 0080          
15040412 002 4 157 1238  985     050     00000 0000 10110 0080          
15040418 002 3 160 1230  996     040     00000 0000 10110 0080          
15040500 002 3 162 1226 1000     035     00000 0000 90080 0080          
15040506 002 2 186 1211 1004     000                                    
15040512 002 2 195 1194 1008     000                                    
15040518 002 2 203 1182 1008     000                                    
15040600 002 2 203 1174 1008     000                                    
15040606 002 2 201 1172 1008     000                                    
15040612 002 2 200 1173 1008     000                                    
15040618 002 2 203 1172 1008     000                                    
15040700 002 2 206 1168 1010     000                                    
66666 1505  014 0005 1505 0 6              HAISHEN              20150519
15040218 002 2 073 1569 1004     000                                    
15040300 002 2 076 1564 1006     000                                    
15040306 002 2 081 1553 1004     000                                    
15040312 002 2 083 1545 1006     000                                    
15040318 002 2 085 1538 1004     000                                    
15040400 002 2 086 1533 1004     000                                    
15040406 002 3 087 1523 1000     035     00000 0000 90080 0080          
15040412 002 3 090 1520 1000     035     00000 0000 90070 0070          
15040418 002 3 091 1516  998     035     00000 0000 90060 0060          
15040500 002 3 090 1513  998     035     00000 0000 90060 0060          
15040506 002 3 089 1509  998     035     00000 0000 90060 0060          
15040512 002 2 089 1508 1000     000                                    
15040518 002 2 089 1507 1000     000                                    
15040600 002 2 089 1507 1004     000                                    
66666 1506  060 0006 1506 0 6                 NOUL              20150622
15050206 002 2 074 1441 1006     000                                    
15050212 002 2 078 1431 1006     000                                    
15050218 002 2 080 1425 1006     000                                    
15050300 002 2 082 1421 1006     000                                    
15050306 002 2 085 1415 1004     000                                    
15050312 002 2 091 1411 1004     000                                    
15050318 002 3 094 1407 1000     035     00000 0000 90080 0080          
15050400 002 3 096 1402  998     035     00000 0000 90080 0080          
15050406 002 3 096 1399  996     035     00000 0000 90080 0080          
15050412 002 3 095 1396  996     040     00000 0000 90080 0080          
15050418 002 3 095 1393  994     040     00000 0000 90080 0080          
15050500 002 3 094 1391  992     045     00000 0000 90080 0080          
15050506 002 3 093 1388  992     045     00000 0000 90080 0080          
15050512 002 4 093 1385  990     050     00000 0000 90090 0090          
15050518 002 4 093 1383  985     060     90030 0030 90100 0100          
15050600 002 4 094 1376  985     060     90030 0030 90100 0100          
15050606 002 5 095 1369  980     065     90030 0030 90100 0100          
15050612 002 5 098 1361  970     075     90040 0040 90120 0120          
15050618 002 5 101 1352  960     080     90050 0050 90150 0150          
15050700 002 5 106 1342  960     080     90050 0050 90150 0150          
15050706 002 5 113 1331  960     080     90050 0050 90150 0150          
15050712 002 5 116 1320  955     085     90060 0060 90150 0150          
15050718 002 5 118 1311  955     085     90060 0060 90150 0150          
15050800 002 5 121 1303  955     085     90060 0060 90150 0150          
15050806 002 5 126 1292  955     085     90060 0060 90150 0150          
15050812 002 5 134 1280  955     085     90060 0060 90150 0150          
15050818 002 5 137 1273  955     085     90060 0060 90150 0150          
15050900 002 5 143 1264  955     085     90060 0060 90150 0150          
15050906 002 5 149 1252  945     090     90060 0060 90150 0150          
15050912 002 5 154 1246  945     090     90060 0060 90150 0150          
15050918 002 5 161 1239  935     100     90070 0070 90150 0150          
15051000 002 5 170 1233  920     110     90090 0090 90150 0150          
15051006 002 5 178 1226  920     110     90090 0090 90150 0150          
15051012 002 5 186 1224  925     105     90080 0080 90150 0150          
15051018 002 5 196 1221  930     100     90080 0080 90150 0150          
15051100 002 5 206 1220  945     090     90060 0060 90120 0120          
15051106 002 5 217 1222  960     080     90060 0060 90120 0120          
15051109 002 5 226 1231  970     075     90050 0050 90120 0120          
15051112 002 5 234 1236  975     070     90045 0045 90100 0100          
15051115 002 5 245 1246  980     070     90045 0045 90100 0100          
15051118 002 5 256 1256  980     065     90045 0045 90100 0100          
15051121 002 5 268 1268  980     065     90045 0045 90100 0100          
15051200 002 5 280 1284  985     065     90045 0045 90100 0100          
15051203 002 4 292 1303  990     060     90045 0045 90100 0100          
15051206 002 6 304 1322  994     000                                    
15051212 002 6 343 1380  996     000                                    
15051218 002 6 382 1422  996     000                                    
15051300 002 6 426 1453  994     000                                    
15051306 002 6 442 1479  992     000                                    
15051312 002 6 451 1509  994     000                                    
15051318 002 6 456 1536  994     000                                    
15051400 002 6 461 1572  996     000                                    
15051406 002 6 468 1603  996     000                                    
15051412 002 6 468 1628  994     000                                    
15051418 002 6 471 1658  990     000                                    
15051500 002 6 476 1688  986     000                                    
15051506 002 6 483 1716  986     000                                    
15051512 002 6 490 1744  986     000                                    
15051518 002 6 490 1768  986     000                                    
15051600 002 6 487 1781  986     000                                    
66666 1507  075 0007 1507 1 0              DOLPHIN              20150622
15050612 002 2 040 1579 1004     000                                    
15050618 002 2 040 1587 1004     000                                    
15050700 002 2 039 1595 1004     000                                    
15050706 002 2 036 1602 1004     000                                    
15050712 002 2 035 1607 1004     000                                    
15050718 002 2 033 1611 1004     000                                    
15050800 002 2 033 1617 1004     000                                    
15050806 002 2 034 1621 1002     000                                    
15050812 002 2 036 1624 1004     000                                    
15050818 002 2 039 1626 1004     000                                    
15050900 002 2 043 1625 1004     000                                    
15050906 002 2 047 1624 1004     000                                    
15050912 002 3 052 1619 1000     035     00000 0000 90090 0090          
15050918 002 3 057 1610 1000     035     00000 0000 90090 0090          
15051000 002 3 061 1602 1000     035     00000 0000 90090 0090          
15051006 002 3 067 1600 1000     035     00000 0000 90090 0090          
15051012 002 3 076 1601  998     040     00000 0000 70180 0120          
15051018 002 3 085 1601  998     040     00000 0000 70180 0120          
15051100 002 3 091 1600  998     040     00000 0000 70180 0120          
15051106 002 3 098 1600  998     040     00000 0000 70180 0120          
15051112 002 3 100 1594  998     040     00000 0000 70180 0120          
15051118 002 3 100 1590  994     045     00000 0000 70180 0120          
15051200 002 4 101 1585  990     050     00000 0000 80180 0120          
15051206 002 4 100 1581  985     055     90030 0030 80180 0120          
15051212 002 4 098 1575  985     055     90030 0030 80180 0120          
15051218 002 4 098 1570  985     055     90030 0030 80180 0120          
15051300 002 5 102 1562  975     065     90040 0040 80180 0120          
15051306 002 5 103 1554  970     070     90050 0050 80180 0120          
15051312 002 5 105 1542  970     070     90050 0050 80180 0120          
15051318 002 5 109 1536  970     070     90050 0050 10210 0150          
15051400 002 5 114 1521  970     070     90050 0050 10210 0150          
15051406 002 5 120 1511  970     070     90050 0050 10210 0150          
15051412 002 5 124 1497  970     070     90050 0050 10240 0150          
15051418 002 5 127 1482  970     070     90050 0050 10240 0150          
15051500 002 5 132 1468  955     080     90060 0060 10240 0150          
15051506 002 5 136 1457  955     080     90060 0060 10240 0150          
15051512 002 5 140 1446  955     080     90060 0060 10240 0150          
15051518 002 5 148 1435  935     095     90070 0070 10210 0150          
15051600 002 5 152 1425  935     095     90070 0070 10210 0150          
15051606 002 5 158 1415  925     100     90080 0080 10210 0150          
15051612 002 5 165 1407  925     100     90080 0080 10210 0150          
15051618 002 5 172 1398  925     100     90080 0080 10210 0150          
15051700 002 5 178 1391  935     095     90080 0080 10210 0150          
15051706 002 5 186 1387  935     095     90080 0080 10210 0150          
15051712 002 5 193 1386  935     095     90080 0080 10210 0150          
15051718 002 5 200 1384  935     095     90080 0080 10210 0150          
15051800 002 5 208 1384  945     090     90080 0080 10210 0150          
15051806 002 5 215 1386  955     080     90080 0080 10210 0150          
15051812 002 5 222 1389  955     080     90080 0080 10210 0150          
15051818 002 5 228 1392  960     075     90080 0080 10210 0150          
15051900 002 5 236 1394  960     075     90080 0080 10210 0150          
15051906 002 5 246 1399  965     070     90080 0080 90180 0180          
15051909 002 5 249 1404  965     070     90080 0080 90180 0180          
15051912 002 5 254 1411  965     070     90080 0080 90180 0180          
15051915 002 5 261 1417  965     070     90080 0080 90180 0180          
15051918 002 5 267 1423  970     065     90080 0080 90180 0180          
15051921 002 5 276 1430  970     065     90080 0080 90180 0180          
15052000 002 5 280 1442  970     065     90080 0080 90180 0180          
15052006 002 4 298 1457  975     060     90080 0080 90180 0180          
15052012 002 4 327 1482  980     055     90080 0080 90180 0180          
15052018 002 4 360 1520  980     055     90080 0080 90180 0180          
15052100 002 6 397 1557  980     000                                    
15052106 002 6 433 1603  980     000                                    
15052112 002 6 475 1649  980     000                                    
15052118 002 6 508 1679  978     000                                    
15052200 002 6 529 1717  972     000                                    
15052206 002 6 550 1721  970     000                                    
15052212 002 6 562 1725  968     000                                    
15052218 002 6 566 1726  968     000                                    
15052300 002 6 564 1726  970     000                                    
15052306 002 6 561 1733  972     000                                    
15052312 002 6 560 1748  976     000                                    
15052318 002 6 557 1764  980     000                                    
15052400 002 6 560 1784  984     000                                    
15052406 002 6 561 1803  986     000                                    
66666 1508  022 0008 1508 0 6               KUJIRA              20150717
15061918 002 2 150 1122 1002     000                                    
15062000 002 2 150 1119 1002     000                                    
15062006 002 2 151 1116 1000     000                                    
15062012 002 2 152 1115  998     000                                    
15062018 002 2 154 1114  998     000                                    
15062100 002 3 156 1114  996     035     00000 0000 40140 0060          
15062106 002 3 164 1114  990     040     00000 0000 40140 0060          
15062112 002 3 168 1116  985     045     00000 0000 40140 0060          
15062118 002 3 177 1113  985     045     00000 0000 50140 0080          
15062200 002 3 181 1112  985     045     00000 0000 50140 0080          
15062206 002 3 185 1109  985     045     00000 0000 50140 0080          
15062212 002 3 185 1101  985     045     00000 0000 50140 0080          
15062218 002 3 187 1096  990     035     00000 0000 90080 0080          
15062300 002 3 196 1091  990     035     00000 0000 90080 0080          
15062306 002 3 197 1086  990     040     00000 0000 40100 0060          
15062312 002 3 198 1081  990     040     00000 0000 40100 0060          
15062318 002 3 201 1075  990     040     00000 0000 40100 0060          
15062400 002 3 204 1073  985     045     00000 0000 40120 0060          
15062406 002 3 207 1069  990     040     00000 0000 90080 0080          
15062412 002 3 213 1066  992     035     00000 0000 90060 0060          
15062418 002 2 216 1063  996     000                                    
15062500 002 2 224 1059  998     000                                    
66666 1509  062 0009 1509 0 6             CHAN-HOM              20150819
15062906 002 2 086 1604 1004     000                                    
15062912 002 2 089 1606 1004     000                                    
15062918 002 2 092 1608 1002     000                                    
15063000 002 2 096 1608 1002     000                                    
15063006 002 2 100 1607 1000     000                                    
15063012 002 3 103 1604  998     035     00000 0000 90120 0120          
15063018 002 3 108 1597  996     040     00000 0000 90120 0120          
15070100 002 3 109 1590  994     040     00000 0000 90150 0150          
15070106 002 3 111 1583  994     040     00000 0000 90150 0150          
15070112 002 3 115 1561  990     045     00000 0000 90150 0150          
15070118 002 4 117 1540  985     050     00000 0000 90150 0150          
15070200 002 4 114 1521  985     050     00000 0000 90180 0180          
15070206 002 4 108 1503  985     050     00000 0000 90180 0180          
15070212 002 4 100 1490  980     055     90060 0060 90180 0180          
15070218 002 4 098 1480  980     055     90060 0060 90180 0180          
15070300 002 4 103 1479  980     055     90040 0040 90180 0180          
15070306 002 4 108 1480  985     050     00000 0000 90240 0240          
15070312 002 3 114 1485  990     045     00000 0000 90240 0240          
15070318 002 3 122 1486  990     045     00000 0000 90240 0240          
15070400 002 3 127 1480  990     045     00000 0000 90240 0240          
15070406 002 3 132 1471  990     045     00000 0000 90240 0240          
15070412 002 3 135 1462  990     045     00000 0000 90270 0270          
15070418 002 3 137 1456  990     045     00000 0000 90270 0270          
15070500 002 3 138 1452  990     045     00000 0000 90270 0270          
15070506 002 3 145 1449  990     045     00000 0000 90270 0270          
15070512 002 3 151 1442  990     045     00000 0000 90300 0300          
15070518 002 4 159 1434  985     050     00000 0000 90300 0300          
15070600 002 4 165 1426  980     055     90030 0030 90300 0300          
15070606 002 4 172 1414  980     055     90040 0040 90300 0300          
15070612 002 4 174 1402  980     055     90040 0040 90300 0300          
15070618 002 4 175 1388  975     060     90060 0060 90300 0300          
15070700 002 5 177 1376  970     065     90060 0060 90300 0300          
15070706 002 5 181 1364  965     070     90090 0090 90300 0300          
15070712 002 5 185 1355  965     070     90090 0090 90300 0300          
15070718 002 5 191 1344  965     070     90090 0090 90300 0300          
15070800 002 5 196 1335  965     070     90100 0100 90300 0300          
15070806 002 5 204 1326  965     070     90100 0100 90300 0300          
15070812 002 5 210 1317  965     070     90100 0100 90300 0300          
15070818 002 5 217 1306  965     070     90100 0100 20350 0270          
15070900 002 5 225 1296  965     070     90100 0100 20350 0270          
15070903 002 5 230 1292  965     070     90100 0100 20350 0270          
15070906 002 5 233 1287  960     075     90150 0150 20350 0270          
15070909 002 5 238 1282  955     080     90150 0150 20350 0270          
15070912 002 5 242 1276  945     085     90150 0150 20350 0270          
15070915 002 5 246 1271  940     085     90150 0150 20350 0270          
15070918 002 5 251 1265  935     090     90150 0150 20350 0270          
15070921 002 5 255 1259  935     090     90150 0150 20350 0270          
15071000 002 5 257 1255  935     090     90150 0150 20350 0270          
15071003 002 5 261 1251  935     090     90150 0150 20350 0270          
15071006 002 5 265 1247  935     090     90150 0150 20350 0270          
15071009 002 5 269 1243  935     090     90150 0150 20375 0270          
15071012 002 5 273 1240  940     085     90150 0150 20375 0270          
15071018 002 5 278 1233  945     085     90150 0150 20375 0270          
15071100 002 5 287 1229  950     080     90130 0130 20375 0270          
15071106 002 5 295 1225  960     075     90100 0100 20375 0270          
15071112 002 5 303 1229  965     070     90090 0090 20375 0270          
15071118 002 4 318 1232  970     060     90060 0060 20325 0240          
15071200 002 4 333 1236  975     055     90060 0060 20325 0210          
15071206 002 4 349 1242  980     050     00000 0000 20325 0210          
15071212 002 3 365 1247  985     045     00000 0000 20325 0210          
15071218 002 3 382 1254  985     040     00000 0000 20325 0210          
15071300 002 6 400 1260  986     000                                    
66666 1510  034 0010 1510 0 6                LINFA              20150821
15070118 002 2 134 1298 1002     000                                    
15070200 002 2 137 1295 1002     000                                    
15070206 002 2 142 1290 1002     000                                    
15070212 002 3 146 1284  998     035     00000 0000 90060 0060          
15070218 002 3 148 1274  998     035     00000 0000 40090 0070          
15070300 002 3 150 1267  998     035     00000 0000 40130 0080          
15070306 002 3 151 1261  994     040     00000 0000 40150 0080          
15070312 002 3 152 1254  990     040     00000 0000 40150 0080          
15070318 002 3 154 1250  990     040     00000 0000 40120 0080          
15070400 002 3 161 1246  990     040     00000 0000 40120 0080          
15070406 002 3 165 1238  985     045     00000 0000 40120 0080          
15070412 002 3 168 1230  985     045     00000 0000 40120 0080          
15070418 002 3 170 1226  985     045     00000 0000 40120 0080          
15070500 002 3 175 1220  990     040     00000 0000 40120 0080          
15070506 002 3 180 1203  992     040     00000 0000 40120 0080          
15070512 002 3 179 1198  992     040     00000 0000 50120 0080          
15070518 002 3 182 1195  992     040     00000 0000 50120 0080          
15070600 002 3 187 1194  992     040     00000 0000 50140 0080          
15070606 002 3 192 1193  992     040     00000 0000 50210 0110          
15070612 002 3 195 1193  992     040     00000 0000 50210 0120          
15070618 002 3 199 1191  990     040     00000 0000 40210 0150          
15070700 002 3 202 1189  990     040     00000 0000 40210 0150          
15070706 002 3 205 1189  985     045     00000 0000 30180 0150          
15070712 002 3 208 1187  985     045     00000 0000 30150 0120          
15070718 002 3 211 1187  985     045     00000 0000 90120 0120          
15070800 002 4 215 1187  980     050     00000 0000 90120 0120          
15070806 002 4 218 1187  980     050     00000 0000 90120 0120          
15070812 002 4 222 1184  980     050     00000 0000 90120 0120          
15070818 002 4 225 1177  980     050     00000 0000 90120 0120          
15070900 002 4 227 1169  980     050     00000 0000 90120 0120          
15070906 002 4 229 1156  985     050     00000 0000 90090 0090          
15070912 002 3 229 1144  992     045     00000 0000 90060 0060          
15070918 002 3 223 1130  996     040     00000 0000 90030 0030          
15071000 002 2 214 1112 1000     000                                    
66666 1511  069 0011 1511 0 6               NANGKA              20150814
15070218 002 2 083 1718 1004     000                                    
15070300 002 2 085 1717 1004     000                                    
15070306 002 2 087 1716 1002     000                                    
15070312 002 2 090 1715 1002     000                                    
15070318 002 3 098 1708 1000     035     00000 0000 90120 0120          
15070400 002 3 103 1703  998     035     00000 0000 90120 0120          
15070406 002 3 109 1688  996     040     00000 0000 90120 0120          
15070412 002 3 112 1671  994     040     00000 0000 90120 0120          
15070418 002 3 111 1659  992     045     00000 0000 90120 0120          
15070500 002 3 113 1647  992     045     00000 0000 90120 0120          
15070506 002 3 112 1638  990     045     00000 0000 90120 0120          
15070512 002 4 110 1625  985     050     00000 0000 90120 0120          
15070518 002 4 115 1610  980     055     90030 0030 90120 0120          
15070600 002 4 117 1599  975     060     90030 0030 90120 0120          
15070606 002 4 117 1586  970     060     90030 0030 20150 0120          
15070612 002 5 122 1578  965     065     90050 0050 20150 0120          
15070618 002 5 126 1568  955     075     90050 0050 20150 0120          
15070700 002 5 131 1556  945     085     90050 0050 20150 0120          
15070706 002 5 137 1545  935     090     90080 0080 20180 0150          
15070712 002 5 143 1535  925     100     90080 0080 90180 0180          
15070718 002 5 150 1522  925     100     90080 0080 90180 0180          
15070800 002 5 154 1507  930     095     90080 0080 30210 0180          
15070806 002 5 154 1499  935     090     90080 0080 30210 0180          
15070812 002 5 160 1490  935     090     90080 0080 20210 0180          
15070818 002 5 166 1478  930     095     90080 0080 20210 0180          
15070900 002 5 170 1468  930     095     90080 0080 10210 0180          
15070906 002 5 176 1459  925     100     90080 0080 10210 0180          
15070912 002 5 180 1445  925     100     90100 0100 10210 0180          
15070918 002 5 182 1436  925     100     90100 0100 10210 0180          
15071000 002 5 182 1427  925     100     90100 0100 10210 0180          
15071006 002 5 184 1420  930     095     90100 0100 10210 0180          
15071012 002 5 182 1413  935     090     90100 0100 90210 0210          
15071018 002 5 183 1407  940     085     90100 0100 90240 0240          
15071100 002 5 183 1400  940     085     90100 0100 90240 0240          
15071106 002 5 183 1395  945     085     90100 0100 90270 0270          
15071112 002 5 184 1390  950     080     90100 0100 90270 0270          
15071118 002 5 184 1384  950     080     90100 0100 90300 0300          
15071200 002 5 184 1378  955     075     90100 0100 90300 0300          
15071206 002 5 186 1376  955     075     90100 0100 90300 0300          
15071212 002 5 187 1375  960     070     90100 0100 90300 0300          
15071218 002 5 190 1372  960     070     90100 0100 90300 0300          
15071300 002 5 196 1372  960     070     90100 0100 90300 0300          
15071306 002 5 205 1371  955     075     90100 0100 20300 0270          
15071312 002 5 213 1369  950     080     90100 0100 20300 0270          
15071318 002 5 222 1366  950     080     90100 0100 20300 0270          
15071400 002 5 227 1365  950     080     90100 0100 20300 0270          
15071406 002 5 237 1366  950     080     90100 0100 20375 0270          
15071412 002 5 244 1366  950     080     90100 0100 20375 0270          
15071418 002 5 255 1365  945     085     90100 0100 20375 0270          
15071500 002 5 265 1363  945     085     90100 0100 20375 0270          
15071506 002 5 276 1360  945     085     90100 0100 20375 0270          
15071512 002 5 290 1356  945     085     90100 0100 20375 0270          
15071518 002 5 300 1353  950     080     90100 0100 20375 0270          
15071600 002 5 310 1347  955     075     90100 0100 20375 0270          
15071603 002 5 314 1346  955     075     90100 0100 20375 0270          
15071606 002 5 320 1346  960     070     90100 0100 20375 0270          
15071609 002 5 325 1345  960     070     90100 0100 20375 0270          
15071612 002 5 330 1343  960     070     90100 0100 90300 0300          
15071614 002 5 334 1341  965     065     90100 0100 90300 0300         #
15071615 002 5 336 1340  970     065     90090 0090 90300 0300          
15071618 002 4 341 1337  975     060     90090 0090 90270 0270          
15071621 002 4 345 1336  985     055     90080 0080 90270 0270         #
15071700 002 4 350 1334  990     050     00000 0000 90240 0240          
15071703 002 3 353 1334  992     045     00000 0000 90210 0210          
15071706 002 3 357 1336  994     035     00000 0000 90180 0180          
15071712 002 2 368 1343  998     000                                    
15071718 002 2 380 1352 1002     000                                    
15071800 002 2 390 1360 1004     000                                    
15071806 002 2 400 1365 1004     000                                    
66666 1512  068 0012 1512 0 6               HALOLA              20150819
15071218 002 7 126 1807  990     050     00000 0000 90070 0070          
15071300 002 4 130 1798  990     050     00000 0000 90070 0070          
15071306 002 4 136 1788  985     055     90030 0030 80100 0070          
15071312 002 4 141 1775  980     060     90040 0040 80100 0080          
15071318 002 4 146 1764  980     060     90040 0040 80100 0080          
15071400 002 5 152 1755  975     065     90040 0040 80100 0080          
15071406 002 5 157 1744  970     070     90040 0040 80100 0080          
15071412 002 5 163 1732  970     070     90040 0040 80100 0080          
15071418 002 5 166 1720  975     065     90040 0040 80100 0080          
15071500 002 5 170 1716  975     065     90040 0040 80100 0080          
15071506 002 4 174 1706  980     060     90040 0040 80100 0080          
15071512 002 4 180 1694  980     060     90040 0040 80100 0080          
15071518 002 4 184 1679  980     060     90040 0040 80100 0080          
15071600 002 4 185 1668  985     055     90030 0030 80100 0070          
15071606 002 4 186 1657  990     050     00000 0000 80100 0070          
15071612 002 3 185 1642  996     040     00000 0000 90070 0070          
15071618 002 3 184 1625 1000     035     00000 0000 90060 0060          
15071700 002 2 182 1613 1004     000                                    
15071706 002 2 180 1603 1004     000                                    
15071712 002 2 179 1594 1004     000                                    
15071718 002 2 177 1585 1004     000                                    
15071800 002 2 176 1573 1004     000                                    
15071806 002 2 177 1559 1006     000                                    
15071812 002 2 178 1548 1008     000                                    
15071818 002 2 182 1536 1008     000                                    
15071900 002 2 189 1527 1008     000                                    
15071906 002 2 196 1518 1006     000                                    
15071912 002 2 200 1505 1004     000                                    
15071918 002 3 204 1495 1000     035     00000 0000 10120 0080          
15072000 002 3 210 1485  996     040     00000 0000 10120 0080          
15072006 002 4 215 1474  990     050     00000 0000 10150 0100          
15072012 002 4 217 1464  990     050     00000 0000 10150 0100          
15072018 002 4 220 1454  985     055     90030 0030 10150 0100          
15072100 002 5 224 1441  975     065     90040 0040 10150 0100          
15072106 002 5 226 1429  970     070     90050 0050 10150 0120          
15072112 002 5 229 1417  965     075     90050 0050 10150 0120          
15072118 002 5 230 1405  955     080     90060 0060 90130 0130          
15072200 002 5 233 1396  955     080     90060 0060 90130 0130          
15072206 002 5 236 1385  955     080     90060 0060 90130 0130          
15072212 002 5 238 1377  955     080     90060 0060 90130 0130          
15072218 002 5 242 1368  955     080     90060 0060 90130 0130          
15072300 002 5 244 1360  965     075     90060 0060 90130 0130          
15072306 002 5 246 1351  965     075     90060 0060 90130 0130          
15072312 002 5 245 1343  965     075     90060 0060 90130 0130          
15072318 002 5 246 1334  965     075     90060 0060 90130 0130          
15072321 002 5 246 1331  965     075     90060 0060 90130 0130          
15072400 002 5 249 1327  965     075     90060 0060 90130 0130          
15072403 002 5 248 1321  965     075     90060 0060 90130 0130          
15072406 002 5 248 1318  965     075     90060 0060 90130 0130          
15072409 002 5 249 1313  965     075     90060 0060 90130 0130          
15072412 002 5 250 1311  970     070     90060 0060 90130 0130          
15072415 002 5 252 1308  970     070     90060 0060 90130 0130          
15072418 002 5 255 1306  975     065     30080 0050 30150 0120          
15072421 002 5 258 1302  975     065     30080 0050 30150 0120          
15072500 002 5 262 1299  975     065     30090 0050 30160 0140          
15072503 002 5 268 1298  975     065     30090 0050 30160 0140          
15072506 002 5 274 1296  975     065     30080 0050 30150 0120          
15072509 002 5 278 1293  975     065     30080 0050 30150 0120          
15072512 002 4 283 1292  980     060     30070 0040 30150 0120          
15072515 002 4 288 1291  980     060     30070 0040 30150 0120          
15072518 002 4 294 1291  980     060     30070 0040 30150 0120          
15072521 002 4 301 1292  985     055     30060 0030 30140 0100          
15072600 002 4 310 1293  990     050     00000 0000 30120 0080          
15072603 002 4 317 1293  990     050     00000 0000 30100 0060          
15072606 002 3 324 1295  994     045     00000 0000 30100 0060          
15072609 002 3 330 1297  996     040     00000 0000 30060 0050         #
15072610 002 3 331 1298  998     040     00000 0000 30060 0050         #
15072612 002 2 338 1300 1004     000                                    
66666 1513  059 0013 1513 0 6             SOUDELOR              20150925
15072918 002 2 133 1622 1006     000                                    
15073000 002 2 137 1607 1004     000                                    
15073006 002 2 136 1598 1004     000                                    
15073012 002 2 136 1593 1004     000                                    
15073018 002 2 135 1588 1002     000                                    
15073100 002 2 134 1582 1002     000                                    
15073106 002 2 132 1568 1002     000                                    
15073112 002 2 134 1555 1002     000                                    
15073118 002 2 134 1544 1000     000                                    
15080100 002 2 136 1534 1000     000                                    
15080106 002 3 140 1521  998     035     00000 0000 80150 0090          
15080112 002 3 143 1507  996     040     00000 0000 80150 0090          
15080118 002 4 144 1496  990     050     00000 0000 80180 0090          
15080200 002 4 146 1482  980     060     90040 0040 80180 0090          
15080206 002 5 149 1468  970     070     90040 0040 80180 0120          
15080212 002 5 151 1460  960     080     90060 0060 80180 0120          
15080218 002 5 156 1450  945     085     90070 0070 90150 0150          
15080300 002 5 162 1440  940     090     90070 0070 90150 0150          
15080306 002 5 169 1430  930     095     90080 0080 90180 0180          
15080312 002 5 174 1419  910     105     90090 0090 80210 0180          
15080318 002 5 179 1407  900     115     90100 0100 80210 0180          
15080400 002 5 183 1396  900     115     90100 0100 80210 0180          
15080406 002 5 186 1383  900     115     90100 0100 80210 0180          
15080412 002 5 189 1372  910     105     90090 0090 80240 0180          
15080418 002 5 193 1362  925     100     90080 0080 80240 0180          
15080500 002 5 195 1349  930     095     90080 0080 80240 0210          
15080506 002 5 199 1337  930     095     90080 0080 80240 0210          
15080512 002 5 200 1326  935     090     90080 0080 80270 0240          
15080518 002 5 201 1315  935     090     90080 0080 80270 0240          
15080600 002 5 205 1302  935     090     90080 0080 90270 0270          
15080606 002 5 209 1292  935     090     90080 0080 90270 0270          
15080612 002 5 212 1282  935     090     90080 0080 90270 0270          
15080618 002 5 215 1268  935     090     90080 0080 90270 0270          
15080700 002 5 219 1258  935     090     80100 0080 80300 0240          
15080703 002 5 221 1253  935     090     80110 0090 80300 0240          
15080706 002 5 224 1248  935     090     80130 0100 80300 0240          
15080709 002 5 227 1243  935     090     80130 0100 10325 0270          
15080712 002 5 229 1238  935     090     80130 0100 10325 0270          
15080715 002 5 232 1233  935     090     80130 0100 10325 0270          
15080718 002 5 237 1227  935     090     80130 0100 10325 0270          
15080721 002 5 241 1215  950     080     20130 0100 10325 0270          
15080800 002 5 239 1210  965     070     20150 0080 20350 0270          
15080803 002 5 239 1205  970     070     20200 0080 10350 0240          
15080806 002 5 241 1200  970     070     10180 0080 10350 0240          
15080812 002 5 246 1192  975     065     10180 0080 20300 0180          
15080818 002 4 252 1183  980     055     90050 0050 20300 0180          
15080900 002 3 258 1176  992     040     00000 0000 20300 0150          
15080906 002 3 266 1169  994     035     00000 0000 20300 0120          
15080912 002 2 278 1164  996     000                                    
15080918 002 2 291 1168  998     000                                    
15081000 002 2 302 1175 1000     000                                    
15081006 002 2 311 1182 1000     000                                    
15081012 002 2 319 1196 1000     000                                    
15081018 002 2 324 1205 1000     000                                    
15081100 002 3 327 1214  998     035     00000 0000 10150 0060          
15081106 002 3 330 1224  998     035     00000 0000 10150 0060          
15081112 002 2 330 1233 1000     000                                    
15081118 002 6 330 1250 1000     000                                    
15081200 002 6 333 1267 1000     000                                    
66666 1514  049 0014 1514 1 0               MOLAVE              20150925
15080600 002 2 176 1493 1004     000                                    
15080606 002 2 186 1489 1002     000                                    
15080612 002 2 195 1487 1002     000                                    
15080618 002 2 206 1482 1002     000                                    
15080700 002 2 214 1478 1002     000                                    
15080706 002 3 226 1472 1000     035     00000 0000 10180 0090          
15080712 002 3 239 1463 1000     035     00000 0000 10180 0090          
15080718 002 3 251 1455  998     035     00000 0000 10180 0090          
15080800 002 3 261 1442  994     035     00000 0000 10180 0090          
15080806 002 3 264 1432  990     040     00000 0000 90180 0180          
15080812 002 3 265 1422  990     040     00000 0000 90180 0180          
15080818 002 3 268 1416  990     040     00000 0000 90180 0180          
15080900 002 3 272 1409  990     040     00000 0000 90180 0180          
15080906 002 3 278 1408  990     040     00000 0000 90180 0180          
15080912 002 3 284 1407  990     040     00000 0000 90180 0180          
15080918 002 3 291 1405  990     040     00000 0000 90180 0180          
15081000 002 3 299 1404  990     040     00000 0000 90180 0180          
15081006 002 3 304 1406  990     040     00000 0000 90180 0180          
15081012 002 3 308 1412  990     040     00000 0000 90180 0180          
15081018 002 3 311 1418  985     045     00000 0000 90180 0180          
15081100 002 3 315 1427  985     045     00000 0000 90180 0180          
15081106 002 3 320 1435  985     045     00000 0000 90180 0180          
15081112 002 3 325 1448  985     045     00000 0000 90180 0180          
15081118 002 3 329 1461  990     040     00000 0000 30210 0150          
15081200 002 3 334 1473  990     040     00000 0000 30210 0150          
15081206 002 3 336 1485  990     040     00000 0000 30210 0150          
15081212 002 3 338 1502  990     040     00000 0000 30210 0150          
15081218 002 3 340 1517  990     040     00000 0000 30210 0150          
15081300 002 3 350 1534  990     040     00000 0000 30210 0150          
15081306 002 3 359 1553  990     040     00000 0000 30210 0150          
15081312 002 3 365 1570  990     040     00000 0000 30210 0150          
15081318 002 3 371 1591  990     040     00000 0000 30210 0150          
15081400 002 6 372 1616  992     000                                    
15081406 002 6 383 1653  990     000                                    
15081412 002 6 391 1675  988     000                                    
15081418 002 6 394 1694  986     000                                    
15081500 002 6 400 1705  988     000                                    
15081506 002 6 406 1714  990     000                                    
15081512 002 6 408 1711  990     000                                    
15081518 002 6 402 1709  992     000                                    
15081600 002 6 394 1714  996     000                                    
15081606 002 6 387 1724  996     000                                    
15081612 002 6 385 1742 1000     000                                    
15081618 002 6 383 1755 1000     000                                    
15081700 002 6 381 1768 1002     000                                    
15081706 002 6 386 1778 1004     000                                    
15081712 002 6 392 1784 1006     000                                    
15081718 002 6 395 1799 1006     000                                    
15081800 002 6 401 1805 1008     000                                    
66666 1515  082 0015 1515 0 6                 GONI              20151008
15081318 002 2 122 1511 1006     000                                    
15081400 002 2 123 1504 1004     000                                    
15081406 002 2 124 1499 1002     000                                    
15081412 002 2 127 1491 1002     000                                    
15081418 002 3 130 1482 1000     035     00000 0000 90060 0060          
15081500 002 3 135 1470  994     045     00000 0000 90090 0090          
15081506 002 3 138 1464  992     045     00000 0000 90120 0120          
15081512 002 4 142 1460  990     050     00000 0000 90120 0120          
15081518 002 4 144 1454  985     055     90050 0050 90120 0120          
15081600 002 4 147 1448  980     060     90050 0050 90120 0120          
15081606 002 4 150 1442  980     060     90050 0050 90120 0120          
15081612 002 5 155 1436  970     065     90080 0080 90150 0150          
15081618 002 5 160 1427  960     075     90080 0080 90150 0150          
15081700 002 5 165 1417  950     085     90080 0080 90150 0150          
15081706 002 5 170 1405  935     095     90080 0080 90180 0180          
15081712 002 5 173 1392  935     095     90080 0080 90180 0180          
15081718 002 5 177 1378  935     095     90080 0080 90180 0180          
15081800 002 5 182 1360  935     095     90080 0080 90180 0180          
15081806 002 5 186 1346  935     095     90080 0080 90180 0180          
15081812 002 5 187 1329  935     095     90080 0080 90180 0180          
15081818 002 5 188 1312  945     085     90080 0080 90160 0160          
15081900 002 5 189 1299  945     085     90080 0080 90160 0160          
15081906 002 5 190 1284  945     085     90080 0080 90160 0160          
15081912 002 5 189 1273  940     090     90080 0080 90190 0190          
15081918 002 5 189 1261  940     090     90080 0080 90190 0190          
15082000 002 5 188 1253  940     090     90080 0080 40220 0190          
15082006 002 5 189 1247  945     085     90080 0080 40240 0190          
15082012 002 5 190 1240  945     085     90080 0080 40240 0190          
15082018 002 5 191 1232  945     085     90080 0080 40240 0190          
15082100 002 5 192 1229  945     085     90080 0080 40240 0190          
15082106 002 5 193 1224  945     085     90080 0080 40240 0190          
15082112 002 5 193 1223  955     080     90070 0070 40240 0180          
15082118 002 5 196 1225  955     080     90070 0070 40240 0180          
15082200 002 5 201 1226  955     080     90070 0070 40240 0180          
15082206 002 5 207 1227  955     080     90070 0070 40240 0180          
15082212 002 5 213 1231  955     080     90070 0070 40240 0180          
15082215 002 5 219 1232  955     080     90070 0070 40240 0180          
15082218 002 5 224 1232  955     080     90070 0070 40240 0180          
15082221 002 5 228 1233  955     080     90070 0070 40240 0180          
15082300 002 5 231 1233  955     080     90050 0050 40240 0180          
15082303 002 5 235 1234  955     080     90050 0050 40240 0180          
15082306 002 5 238 1235  950     085     90050 0050 40240 0180          
15082309 002 5 242 1238  940     090     90060 0060 30210 0150          
15082310 002 5 243 1239  940     090     90060 0060 30210 0150         #
15082312 002 5 245 1240  935     095     90060 0060 30210 0150          
15082315 002 5 248 1242  935     095     90060 0060 30210 0150          
15082318 002 5 252 1246  930     100     90060 0060 30210 0150          
15082321 002 5 257 1253  930     100     90060 0060 30210 0150          
15082400 002 5 262 1259  930     100     30080 0060 30210 0150          
15082403 002 5 271 1267  930     100     30080 0060 30210 0150          
15082406 002 5 279 1274  930     100     30090 0060 30210 0150          
15082409 002 5 288 1281  930     100     30090 0060 30210 0150          
15082412 002 5 296 1288  940     090     30090 0050 30210 0150          
15082415 002 5 305 1295  940     090     30090 0050 30210 0150          
15082418 002 5 317 1299  940     090     30090 0050 90250 0250          
15082419 002 5 320 1301  945     085     30090 0050 90250 0250         #
15082420 002 5 324 1305  950     085     30090 0050 90250 0250         #
15082421 002 5 328 1305  955     080     20100 0050 90250 0250         #
15082500 002 5 338 1304  965     070     20100 0050 90250 0250          
15082503 002 5 346 1306  965     070     20100 0060 90250 0250          
15082506 002 5 353 1310  965     070     10090 0060 90250 0250          
15082509 002 4 360 1318  970     060     80080 0050 90250 0250          
15082512 002 6 365 1323  980     000                                    
15082518 002 6 377 1330  980     000                                    
15082600 002 6 393 1335  984     000                                    
15082606 002 6 405 1341  984     000                                    
15082612 002 6 413 1339  988     000                                    
15082618 002 6 430 1330  990     000                                    
15082700 002 6 444 1318  998     000                                    
15082706 002 6 445 1286 1000     000                                    
15082712 002 6 442 1273 1002     000                                    
15082718 002 6 439 1267 1002     000                                    
15082800 002 6 440 1264 1004     000                                    
15082806 002 6 441 1263 1002     000                                    
15082812 002 6 443 1264 1004     000                                    
15082818 002 6 445 1264 1006     000                                    
15082900 002 6 446 1264 1006     000                                    
15082906 002 6 449 1264 1006     000                                    
15082912 002 6 452 1261 1008     000                                    
15082918 002 6 455 1258 1008     000                                    
15083000 002 6 455 1258 1010     000                                    
15083006 002 6 455 1258 1010     000                                    
66666 1516  062 0016 1516 0 6               ATSANI              20151008
15081400 002 2 148 1635 1004     000                                    
15081406 002 2 150 1630 1004     000                                    
15081412 002 2 150 1626 1004     000                                    
15081418 002 3 148 1624 1002     035     00000 0000 90120 0120          
15081500 002 3 147 1622 1002     035     00000 0000 90120 0120          
15081506 002 3 148 1620 1000     035     00000 0000 90120 0120          
15081512 002 3 149 1618  998     040     00000 0000 40150 0120          
15081518 002 3 148 1613  994     045     00000 0000 40150 0120          
15081600 002 3 144 1609  990     045     00000 0000 20150 0120          
15081606 002 4 145 1604  985     050     00000 0000 20180 0150          
15081612 002 4 144 1600  980     055     90050 0050 20180 0150          
15081618 002 4 143 1596  975     060     90060 0060 20230 0180          
15081700 002 5 145 1591  970     065     90080 0080 20270 0180          
15081706 002 5 147 1585  960     075     90080 0080 20270 0180          
15081712 002 5 151 1580  950     080     90080 0080 20270 0180          
15081718 002 5 157 1570  940     090     90090 0090 20270 0210          
15081800 002 5 159 1562  935     095     90100 0100 20270 0210          
15081806 002 5 163 1555  935     095     90100 0100 20270 0210          
15081812 002 5 170 1549  930     095     90100 0100 20300 0240          
15081818 002 5 179 1538  930     095     90100 0100 20300 0240          
15081900 002 5 187 1529  925     100     90100 0100 20300 0240          
15081906 002 5 191 1519  925     100     90100 0100 90300 0300          
15081912 002 5 197 1513  925     100     90120 0120 90300 0300          
15081918 002 5 204 1504  925     100     90150 0150 90300 0300          
15082000 002 5 212 1495  925     100     90150 0150 90300 0300          
15082006 002 5 220 1486  930     095     90150 0150 90325 0325          
15082012 002 5 226 1478  930     095     90150 0150 90325 0325          
15082018 002 5 233 1471  935     090     90150 0150 90300 0300          
15082100 002 5 241 1465  940     090     20150 0090 30300 0270          
15082106 002 5 250 1460  945     085     20150 0090 30300 0240          
15082112 002 5 255 1455  945     085     20150 0090 30300 0240          
15082118 002 5 264 1451  950     080     20150 0090 30325 0240          
15082200 002 5 270 1449  950     080     20150 0090 30325 0270          
15082206 002 5 276 1450  950     080     20150 0090 30325 0270          
15082212 002 5 282 1451  950     080     20150 0090 30325 0270          
15082218 002 5 290 1453  950     080     20150 0090 30325 0270          
15082300 002 5 295 1455  950     080     20150 0090 30325 0300          
15082306 002 5 300 1461  950     080     30120 0090 30325 0300          
15082312 002 5 306 1467  955     075     30120 0090 30325 0270          
15082318 002 5 313 1474  955     075     30090 0060 30325 0270          
15082400 002 5 320 1481  955     075     30090 0060 30325 0270          
15082406 002 5 326 1492  960     070     30120 0090 30325 0270          
15082412 002 5 329 1508  965     065     30120 0090 30325 0300          
15082418 002 4 339 1529  965     060     30150 0090 30325 0300          
15082500 002 4 356 1557  965     060     90150 0150 90325 0325          
15082506 002 6 376 1580  964     000                                    
15082512 002 6 390 1593  958     000                                    
15082518 002 6 394 1611  960     000                                    
15082600 002 6 395 1624  964     000                                    
15082606 002 6 400 1636  968     000                                    
15082612 002 6 405 1641  970     000                                    
15082618 002 6 406 1641  972     000                                    
15082700 002 6 405 1640  976     000                                    
15082706 002 6 404 1641  978     000                                    
15082712 002 6 403 1643  980     000                                    
15082718 002 6 401 1646  980     000                                    
15082800 002 6 402 1648  984     000                                    
15082806 002 6 408 1653  988     000                                    
15082812 002 6 419 1659  990     000                                    
15082818 002 6 435 1665  992     000                                    
15082900 002 6 454 1676  996     000                                    
15082906 002 6 477 1687  996     000                                    
66666 1517  046 0017 1517 1 0                 KILO              20151013
15090118 002 7 237 1801  945     090     20060 0040 20150 0100          
15090200 002 5 240 1798  950     080     90060 0060 10150 0120          
15090206 002 5 244 1794  950     080     90060 0060 80150 0120          
15090212 002 5 246 1791  965     070     90060 0060 80150 0120          
15090218 002 5 246 1785  965     070     80070 0050 70150 0120          
15090300 002 5 247 1782  965     070     80070 0050 90150 0150          
15090306 002 5 246 1781  965     070     80070 0050 90150 0150          
15090312 002 5 244 1777  965     070     80070 0050 90150 0150          
15090318 002 5 241 1775  965     070     80070 0050 90150 0150          
15090400 002 5 238 1771  970     065     70100 0060 70180 0120          
15090406 002 5 236 1766  970     065     70100 0060 70200 0120          
15090412 002 5 235 1758  970     065     70100 0060 70200 0120          
15090418 002 5 235 1749  970     065     70100 0060 70200 0120          
15090500 002 5 235 1740  970     065     70100 0060 70200 0120          
15090506 002 5 236 1730  955     075     70100 0060 70200 0120          
15090512 002 5 235 1721  955     075     70100 0060 70200 0120          
15090518 002 5 237 1707  950     080     70100 0070 70250 0150          
15090600 002 5 239 1697  950     080     70100 0070 80250 0150          
15090606 002 5 240 1689  950     080     70100 0070 80280 0160          
15090612 002 5 243 1676  955     075     70120 0080 80300 0180          
15090618 002 5 244 1665  955     075     70120 0080 80300 0180          
15090700 002 5 247 1656  955     075     70120 0080 80300 0180          
15090706 002 5 250 1642  955     075     70120 0080 80300 0180          
15090712 002 5 252 1633  965     070     80120 0080 80300 0180          
15090718 002 5 256 1621  965     070     80120 0080 80300 0180          
15090800 002 5 261 1603  965     070     80120 0080 80300 0180          
15090806 002 5 267 1587  965     070     80100 0080 80280 0180          
15090812 002 5 272 1573  965     070     80100 0080 80240 0180          
15090818 002 5 281 1560  970     065     80100 0080 80240 0180          
15090900 002 5 291 1547  970     065     80100 0080 80240 0180          
15090906 002 5 297 1532  970     065     80100 0080 80240 0180          
15090912 002 4 307 1525  975     060     80100 0080 80240 0180          
15090918 002 4 316 1512  975     060     80100 0080 80280 0180          
15091000 002 4 326 1500  975     060     80100 0080 80280 0180          
15091006 002 4 340 1496  975     060     10100 0080 10300 0180          
15091012 002 4 353 1490  975     060     10100 0080 10350 0180          
15091018 002 4 369 1486  975     060     20100 0080 20350 0180          
15091100 002 4 387 1474  975     060     20100 0080 20400 0180          
15091106 002 4 406 1472  975     060     20100 0080 20400 0180          
15091112 002 6 430 1480  980     000                                    
15091118 002 6 458 1486  984     000                                    
15091200 002 6 488 1498  988     000                                    
15091206 002 6 532 1517  988     000                                    
15091212 002 6 554 1537  992     000                                    
15091218 002 6 583 1560  992     000                                    
15091300 002 6 605 1594  992     000                                    
66666 1518  026 0018 1518 0 6                 ETAU              20151015
15090600 002 2 198 1397 1004     000                                    
15090606 002 2 204 1394 1002     000                                    
15090612 002 2 212 1392 1002     000                                    
15090618 002 2 221 1390 1002     000                                    
15090700 002 2 231 1388 1002     000                                    
15090706 002 2 241 1386 1000     000                                    
15090712 002 3 251 1384  998     035     00000 0000 10120 0090          
15090718 002 3 263 1383  996     040     00000 0000 10120 0090          
15090800 002 3 277 1383  990     045     00000 0000 10150 0090          
15090806 002 4 293 1383  985     050     00000 0000 10180 0090          
15090812 002 4 310 1383  985     050     00000 0000 10240 0090          
15090815 002 4 322 1380  985     050     00000 0000 10240 0120          
15090818 002 4 331 1376  985     050     00000 0000 10240 0120          
15090821 002 3 338 1373  990     045     00000 0000 10210 0150          
15090900 002 3 345 1371  990     045     00000 0000 80210 0150         #
15090903 002 3 359 1367  996     035     00000 0000 80210 0120          
15090906 002 6 372 1363  998     000                                    
15090912 002 6 380 1350  998     000                                    
15090918 002 6 390 1344  998     000                                    
15091000 002 6 393 1347  998     000                                    
15091006 002 6 399 1352  998     000                                    
15091012 002 6 399 1356 1000     000                                    
15091018 002 6 399 1360 1000     000                                    
15091100 002 6 400 1368 1000     000                                    
15091106 002 6 405 1377 1000     000                                    
15091112 002 6 410 1385 1000     000                                    
66666 1519  010 0019 1519 0 6                VAMCO              20151010
15091300 002 2 156 1129 1006     000                                    
15091306 002 2 156 1122 1004     000                                    
15091312 002 2 153 1114 1002     000                                    
15091318 002 3 151 1108 1000     035     00000 0000 70180 0150          
15091400 002 3 150 1103  998     035     00000 0000 70180 0150          
15091406 002 3 156 1097  998     035     00000 0000 70180 0150          
15091412 002 3 156 1089  998     035     00000 0000 90150 0150          
15091418 002 3 158 1073 1000     035     00000 0000 90120 0120          
15091500 002 2 153 1062 1002     000                                    
15091506 002 2 143 1058 1002     000                                    
66666 1520  055 0020 1520 0 6              KROVANH              20151101
15091318 002 2 139 1516 1004     000                                    
15091400 002 2 142 1511 1002     000                                    
15091406 002 2 149 1508 1002     000                                    
15091412 002 2 157 1509 1002     000                                    
15091418 002 2 168 1508 1002     000                                    
15091500 002 2 177 1506 1002     000                                    
15091506 002 2 183 1501 1002     000                                    
15091512 002 2 185 1497 1002     000                                    
15091518 002 3 187 1491  996     035     00000 0000 90090 0090          
15091600 002 3 192 1484  990     045     00000 0000 90120 0120          
15091606 002 4 198 1473  985     055     90040 0040 90120 0120          
15091612 002 4 199 1464  980     060     90040 0040 90120 0120          
15091618 002 5 203 1457  970     065     90040 0040 10150 0120          
15091700 002 5 210 1448  965     070     90040 0040 10180 0120          
15091706 002 5 216 1442  960     075     90050 0050 10150 0120          
15091712 002 5 222 1435  945     085     90070 0070 90120 0120          
15091718 002 5 229 1429  945     085     90070 0070 90120 0120          
15091800 002 5 237 1425  945     085     90060 0060 90120 0120          
15091806 002 5 246 1423  950     080     90050 0050 90120 0120          
15091809 002 5 251 1423  950     080     90050 0050 90120 0120          
15091812 002 5 255 1424  950     080     90050 0050 20150 0120          
15091815 002 5 259 1423  950     080     90050 0050 20150 0120          
15091818 002 5 267 1428  955     075     90050 0050 20150 0120          
15091821 002 5 273 1431  960     070     90050 0050 20150 0120          
15091900 002 5 279 1433  965     070     90050 0050 20150 0120          
15091903 002 5 283 1436  965     070     90050 0050 20150 0120          
15091906 002 5 289 1442  965     070     90050 0050 20150 0120          
15091912 002 5 300 1452  970     065     90040 0040 20150 0100          
15091918 002 4 310 1461  975     060     90040 0040 20180 0080          
15092000 002 4 319 1471  985     050     00000 0000 20180 0060          
15092006 002 3 329 1481  990     045     00000 0000 20180 0060          
15092012 002 3 339 1491  992     040     00000 0000 20180 0060          
15092018 002 3 351 1506  992     040     00000 0000 20180 0060          
15092100 002 3 361 1514  992     045     00000 0000 20180 0060          
15092106 002 3 365 1519  992     040     00000 0000 20180 0060          
15092112 002 6 370 1522  992     000                                    
15092118 002 6 378 1525  992     000                                    
15092200 002 6 391 1532  992     000                                    
15092206 002 6 405 1539  990     000                                    
15092212 002 6 423 1551  988     000                                    
15092218 002 6 430 1550  988     000                                    
15092300 002 6 426 1544  992     000                                    
15092306 002 6 414 1547  992     000                                    
15092312 002 6 403 1558  992     000                                    
15092318 002 6 396 1572  992     000                                    
15092400 002 6 394 1588  992     000                                    
15092406 002 6 396 1608  992     000                                    
15092412 002 6 399 1623  992     000                                    
15092418 002 6 409 1642  992     000                                    
15092500 002 6 417 1654  994     000                                    
15092506 002 6 424 1668  994     000                                    
15092512 002 6 430 1681  994     000                                    
15092518 002 6 434 1696  994     000                                    
15092600 002 6 437 1713  996     000                                    
15092606 002 6 444 1740  996     000                                    
66666 1521  049 0021 1521 0 6               DUJUAN              20151112
15091918 002 2 135 1481 1004     000                                    
15092000 002 2 138 1480 1002     000                                    
15092006 002 2 144 1473 1000     000                                    
15092012 002 2 147 1463 1002     000                                    
15092018 002 2 150 1455 1000     000                                    
15092100 002 2 151 1447 1000     000                                    
15092106 002 2 154 1432 1002     000                                    
15092112 002 2 152 1415 1002     000                                    
15092118 002 2 156 1402 1002     000                                    
15092200 002 2 158 1388 1002     000                                    
15092206 002 2 159 1381 1002     000                                    
15092212 002 3 162 1375 1000     035     00000 0000 70210 0150          
15092218 002 3 168 1365 1000     035     00000 0000 70210 0150          
15092300 002 3 175 1354 1000     035     00000 0000 90180 0180          
15092306 002 3 175 1345  998     035     00000 0000 90180 0180          
15092312 002 3 178 1338  998     035     00000 0000 90180 0180          
15092318 002 3 179 1335  996     040     00000 0000 90180 0180          
15092400 002 3 182 1331  994     045     00000 0000 90180 0180          
15092406 002 4 186 1326  990     050     00000 0000 90210 0210          
15092412 002 4 187 1324  985     050     00000 0000 90210 0210          
15092418 002 4 189 1323  980     055     90050 0050 90210 0210          
15092500 002 4 191 1321  975     060     90060 0060 90230 0230          
15092506 002 5 194 1317  970     065     90070 0070 90230 0230          
15092512 002 5 197 1313  965     070     90080 0080 90250 0250          
15092518 002 5 203 1310  960     075     90080 0080 90250 0250          
15092600 002 5 209 1303  960     075     90080 0080 70270 0230          
15092606 002 5 216 1297  955     080     90080 0080 70270 0230          
15092612 002 5 219 1289  945     090     90080 0080 70300 0250          
15092618 002 5 222 1281  935     100     90080 0080 70300 0250          
15092700 002 5 223 1275  925     110     90080 0080 70300 0250          
15092703 002 5 223 1271  925     110     90080 0080 70300 0270          
15092706 002 5 225 1268  925     110     90080 0080 70300 0270          
15092709 002 5 226 1264  925     110     90080 0080 70300 0270          
15092712 002 5 227 1259  925     110     90100 0100 70300 0270          
15092715 002 5 228 1254  925     110     90100 0100 70300 0270          
15092718 002 5 230 1249  925     110     90100 0100 90270 0270          
15092721 002 5 231 1244  925     110     90100 0100 90270 0270          
15092800 002 5 233 1239  925     110     90100 0100 90270 0270          
15092803 002 5 236 1234  925     110     90100 0100 90270 0270          
15092806 002 5 241 1229  925     110     90100 0100 90270 0270          
15092809 002 5 244 1220  935     100     30120 0080 90250 0250          
15092812 002 5 243 1210  965     075     30120 0080 90250 0250          
15092818 002 5 243 1200  975     065     90080 0080 90210 0210          
15092900 002 4 249 1189  985     055     90040 0040 90210 0210          
15092906 002 3 256 1178  994     040     00000 0000 90180 0180          
15092912 002 2 264 1164 1004     000                                    
15092918 002 2 274 1159 1006     000                                    
15093000 002 2 279 1161 1010     000                                    
15093006 002 2 287 1167 1010     000                                    
66666 1522  018 0022 1522 0 6              MUJIGAE              20151023
15093018 002 2 126 1264 1008     000                                    
15100100 002 2 139 1252 1008     000                                    
15100106 002 2 145 1238 1006     000                                    
15100112 002 3 152 1227 1002     035     00000 0000 90070 0070          
15100118 002 3 158 1213  998     040     00000 0000 90090 0090          
15100200 002 3 164 1201  998     040     00000 0000 90090 0090          
15100206 002 3 165 1189  996     045     00000 0000 90120 0120          
15100212 002 4 169 1178  990     050     00000 0000 30160 0100          
15100218 002 4 177 1166  985     055     90040 0040 30160 0100          
15100300 002 4 185 1155  985     055     90040 0040 30200 0100          
15100306 002 4 189 1144  985     055     90040 0040 90160 0160          
15100312 002 5 195 1134  975     065     90050 0050 90170 0170          
15100318 002 5 197 1122  965     075     90050 0050 20210 0170          
15100400 002 5 205 1115  950     085     90060 0060 20240 0150          
15100406 002 5 213 1104  950     085     90060 0060 20240 0150          
15100412 002 5 219 1096  970     070     90050 0050 20210 0120          
15100418 002 4 226 1088  990     050     00000 0000 20180 0090          
15100500 002 2 236 1082 1008     000                                    
66666 1523  043 0023 1523 0 6             CHOI-WAN              20151112
15100106 002 2 169 1669 1000     000                                    
15100112 002 2 175 1671 1000     000                                    
15100118 002 2 178 1672  998     000                                    
15100200 002 2 182 1672  998     000                                    
15100206 002 3 185 1672  996     035     00000 0000 80400 0325          
15100212 002 3 188 1671  996     035     00000 0000 80400 0325          
15100218 002 3 191 1669  992     035     00000 0000 80400 0325          
15100300 002 3 193 1664  990     035     00000 0000 80450 0325          
15100306 002 3 195 1661  990     035     00000 0000 80450 0325          
15100312 002 3 200 1642  990     040     00000 0000 80450 0325          
15100318 002 3 201 1621  990     040     00000 0000 80450 0325          
15100400 002 3 202 1603  985     045     00000 0000 80450 0325          
15100406 002 3 208 1588  985     045     00000 0000 80450 0325          
15100412 002 3 214 1574  980     045     00000 0000 80450 0325          
15100418 002 3 217 1561  980     045     00000 0000 80450 0325          
15100500 002 4 218 1549  975     050     00000 0000 80450 0325          
15100506 002 4 220 1538  975     050     00000 0000 80450 0325          
15100512 002 4 224 1529  975     050     00000 0000 80450 0325          
15100518 002 4 229 1519  975     050     00000 0000 80450 0325          
15100600 002 4 234 1512  975     050     00000 0000 80450 0325          
15100606 002 4 241 1509  970     055     90120 0120 80450 0325          
15100612 002 4 252 1509  970     055     90120 0120 80450 0325          
15100618 002 4 265 1509  970     055     90120 0120 80450 0325          
15100700 002 4 285 1513  965     060     90150 0150 80450 0350          
15100706 002 4 312 1512  965     060     90180 0180 80450 0350          
15100712 002 4 345 1503  965     060     90180 0180 80450 0400          
15100718 002 6 374 1498  960     000                                    
15100800 002 6 395 1485  956     000                                    
15100806 002 6 409 1481  952     000                                    
15100812 002 6 431 1477  956     000                                    
15100818 002 6 447 1484  960     000                                    
15100900 002 6 460 1482  966     000                                    
15100906 002 6 467 1472  968     000                                    
15100912 002 6 471 1468  976     000                                    
15100918 002 6 477 1473  980     000                                    
15101000 002 6 488 1475  988     000                                    
15101006 002 6 500 1478  992     000                                    
15101012 002 6 512 1477  992     000                                    
15101018 002 6 522 1481  994     000                                    
15101100 002 6 530 1491  994     000                                    
15101106 002 6 540 1503  992     000                                    
15101112 002 6 547 1512  994     000                                    
15101118 002 6 558 1535  996     000                                    
66666 1524  038 0024 1524 0 6                KOPPU              20151124
15101200 002 2 138 1510 1004     000                                    
15101206 002 2 144 1489 1004     000                                    
15101212 002 2 148 1474 1004     000                                    
15101218 002 2 155 1456 1002     000                                    
15101300 002 2 159 1427 1002     000                                    
15101306 002 2 160 1405 1002     000                                    
15101312 002 3 160 1392 1000     035     00000 0000 60180 0150          
15101318 002 3 159 1377 1000     035     00000 0000 60180 0150          
15101400 002 3 159 1364 1000     035     00000 0000 60180 0150          
15101406 002 3 157 1351 1000     035     00000 0000 60180 0150          
15101412 002 3 156 1340 1000     035     00000 0000 60240 0150          
15101418 002 3 155 1330  998     035     00000 0000 60240 0150          
15101500 002 3 154 1317  996     040     00000 0000 60240 0150          
15101506 002 4 155 1300  990     050     00000 0000 60240 0150          
15101512 002 4 155 1290  980     060     90060 0060 60240 0150          
15101518 002 5 155 1281  970     070     90070 0070 60240 0150          
15101600 002 5 157 1272  960     080     90080 0080 60240 0150          
15101606 002 5 156 1262  955     085     90080 0080 60240 0150          
15101612 002 5 157 1257  955     085     90080 0080 60240 0150          
15101618 002 5 158 1251  950     090     90080 0080 60240 0150          
15101700 002 5 158 1245  940     090     90080 0080 60240 0150          
15101706 002 5 158 1238  930     095     90080 0080 60240 0180          
15101712 002 5 159 1231  930     095     90080 0080 80240 0180          
15101718 002 5 161 1221  925     100     90080 0080 80240 0180          
15101800 002 5 160 1216  940     090     90080 0080 80240 0180          
15101806 002 5 161 1214  950     080     90060 0060 80240 0180          
15101812 002 5 163 1213  960     070     90050 0050 80240 0180          
15101818 002 4 170 1206  970     060     90030 0030 80240 0180          
15101900 002 4 172 1202  980     050     00000 0000 80240 0180          
15101906 002 3 178 1201  985     045     00000 0000 80240 0180          
15101912 002 3 184 1202  990     045     00000 0000 80240 0180          
15101918 002 3 187 1204  992     040     00000 0000 80180 0150          
15102000 002 3 189 1207  994     035     00000 0000 80180 0150          
15102006 002 3 191 1212  996     035     00000 0000 80180 0150          
15102012 002 3 192 1217  998     035     00000 0000 80180 0150          
15102018 002 3 192 1222  998     035     00000 0000 80150 0100          
15102100 002 3 193 1225  998     035     00000 0000 80150 0100          
15102106 002 2 194 1227 1000     000                                    
66666 1525  056 0025 1525 1 0               CHAMPI              20151124
15101300 002 2 125 1614 1004     000                                    
15101306 002 2 130 1602 1002     000                                    
15101312 002 2 132 1590 1002     000                                    
15101318 002 2 136 1581 1000     000                                    
15101400 002 3 140 1567 1000     035     00000 0000 20130 0060          
15101406 002 3 145 1555 1000     035     00000 0000 80170 0070          
15101412 002 3 147 1546  998     040     00000 0000 80190 0090          
15101418 002 3 150 1537  996     045     00000 0000 70240 0140          
15101500 002 3 154 1519  996     045     00000 0000 70240 0140          
15101506 002 3 151 1503  996     045     00000 0000 60240 0140          
15101512 002 3 154 1492  996     045     00000 0000 60240 0140          
15101518 002 4 155 1476  990     055     90050 0050 60220 0140          
15101600 002 4 154 1459  985     055     90050 0050 60200 0140          
15101606 002 4 156 1448  980     060     60080 0060 60180 0120          
15101612 002 5 162 1440  975     065     50080 0060 50180 0120          
15101618 002 5 165 1433  975     065     50080 0060 50180 0120          
15101700 002 5 169 1424  975     065     40080 0060 40210 0140          
15101706 002 5 177 1415  965     075     40080 0060 40250 0140          
15101712 002 5 184 1407  955     080     40080 0060 40250 0140          
15101718 002 5 188 1403  955     080     40080 0060 40220 0120          
15101800 002 5 192 1401  950     085     40100 0060 40220 0120          
15101806 002 5 195 1401  940     090     40100 0060 40220 0120          
15101812 002 5 198 1402  930     095     40080 0060 40220 0120          
15101818 002 5 202 1403  930     095     90060 0060 40220 0120          
15101900 002 5 205 1404  930     095     90060 0060 40220 0120          
15101906 002 5 208 1403  935     090     90060 0060 40200 0120          
15101912 002 5 210 1402  945     085     20080 0060 20180 0120          
15101918 002 5 211 1401  945     085     20080 0060 20180 0120          
15102000 002 5 214 1402  950     080     20080 0060 20180 0120          
15102006 002 5 218 1402  950     080     20080 0060 20180 0120          
15102012 002 5 221 1400  950     080     20080 0060 20180 0120          
15102018 002 5 223 1400  950     080     20080 0060 20180 0120          
15102100 002 5 226 1400  950     080     20080 0060 20180 0120          
15102106 002 5 229 1401  950     080     30060 0040 30180 0150          
15102112 002 5 232 1403  950     080     30060 0040 30180 0150          
15102118 002 5 235 1407  950     080     30080 0060 30180 0150          
15102200 002 5 237 1412  945     085     90080 0080 30180 0150          
15102206 002 5 240 1418  945     085     90080 0080 30180 0150          
15102212 002 5 242 1427  945     085     90080 0080 10210 0180          
15102218 002 5 247 1439  945     085     90080 0080 10210 0180          
15102300 002 5 250 1451  950     080     90080 0080 10210 0180          
15102306 002 5 254 1466  955     075     90080 0080 10210 0180          
15102312 002 5 258 1479  960     075     20070 0060 10240 0180          
15102318 002 5 264 1492  970     065     20070 0060 10240 0180          
15102400 002 4 270 1503  980     060     20070 0050 10240 0180          
15102406 002 4 275 1516  980     060     20070 0050 10240 0180          
15102412 002 4 283 1532  980     060     20070 0050 20240 0180          
15102418 002 4 295 1552  980     060     20090 0060 20240 0180          
15102500 002 4 313 1584  985     055     20090 0060 30300 0210          
15102506 002 4 337 1632  985     055     30090 0060 30300 0210          
15102512 002 6 370 1676  980     000                                    
15102518 002 6 408 1715  974     000                                    
15102600 002 6 434 1748  976     000                                    
15102606 002 6 453 1771  980     000                                    
15102612 002 6 472 1788  984     000                                    
15102618 002 6 481 1804  984     000                                    
66666 1526  043 0027 1526 0 6                IN-FA              20160104
15111618 002 2 035 1636 1002     000                                    
15111700 002 2 038 1625 1002     000                                    
15111706 002 2 043 1613 1002     000                                    
15111712 002 3 047 1598 1002     035     00000 0000 90090 0090          
15111718 002 3 052 1583 1000     035     00000 0000 90090 0090          
15111800 002 3 055 1572  998     035     00000 0000 90090 0090          
15111806 002 3 058 1557  996     035     00000 0000 90120 0120          
15111812 002 3 062 1547  994     040     00000 0000 90120 0120          
15111818 002 3 070 1538  994     040     00000 0000 90120 0120          
15111900 002 3 081 1527  994     040     00000 0000 90120 0120          
15111906 002 3 087 1514  992     045     00000 0000 90120 0120          
15111912 002 4 092 1504  985     050     00000 0000 90120 0120          
15111918 002 4 098 1494  975     060     90030 0030 90120 0120          
15112000 002 5 099 1487  970     065     90040 0040 90120 0120          
15112006 002 5 104 1475  960     075     90040 0040 90120 0120          
15112012 002 5 108 1460  950     080     90040 0040 10150 0120          
15112018 002 5 110 1444  940     090     90040 0040 10150 0120          
15112100 002 5 112 1429  935     095     90050 0050 10180 0150          
15112106 002 5 119 1414  935     095     90050 0050 10180 0150          
15112112 002 5 124 1396  940     090     90050 0050 10180 0150          
15112118 002 5 128 1379  940     090     90050 0050 10180 0150          
15112200 002 5 135 1366  945     085     90050 0050 10180 0150          
15112206 002 5 142 1352  945     085     90050 0050 10180 0150          
15112212 002 5 146 1339  945     085     90050 0050 10180 0150          
15112218 002 5 153 1328  950     080     90050 0050 10180 0150          
15112300 002 5 158 1320  950     080     90050 0050 10180 0150          
15112306 002 5 165 1316  950     080     90070 0070 10210 0150          
15112312 002 5 172 1315  950     080     90070 0070 10210 0150          
15112318 002 5 179 1317  955     075     90070 0070 10210 0150          
15112400 002 5 186 1320  960     075     90050 0050 10210 0150          
15112406 002 5 188 1329  965     070     90040 0040 10210 0150          
15112412 002 4 191 1337  975     060     90030 0030 10210 0150          
15112418 002 4 194 1345  985     050     00000 0000 10180 0150          
15112500 002 3 195 1351  990     045     00000 0000 10180 0150          
15112506 002 3 199 1359  994     040     00000 0000 90150 0150          
15112512 002 3 207 1367  996     035     00000 0000 90120 0120          
15112518 002 3 215 1377  998     035     00000 0000 90090 0090          
15112600 002 3 224 1385 1002     035     00000 0000 90090 0090          
15112606 002 3 235 1398 1002     035     00000 0000 90090 0090          
15112612 002 3 252 1418 1002     035     00000 0000 90090 0090          
15112618 002 3 268 1445 1002     035     00000 0000 90090 0090          
15112700 002 6 281 1474 1008     000                                    
15112706 002 6 296 1504 1012     000                                    
66666 1527  029 0028 1527 0 6                MELOR              20160120
15121000 002 2 071 1452 1008     000                                    
15121006 002 2 072 1439 1006     000                                    
15121012 002 2 076 1425 1006     000                                    
15121018 002 2 079 1410 1004     000                                    
15121100 002 2 082 1396 1004     000                                    
15121106 002 3 089 1380 1002     035     00000 0000 90060 0060          
15121112 002 3 093 1369 1002     035     00000 0000 90060 0060          
15121118 002 3 098 1357 1000     040     00000 0000 90070 0070          
15121200 002 3 102 1345 1000     040     00000 0000 90070 0070          
15121206 002 3 109 1336  994     045     00000 0000 90090 0090          
15121212 002 4 112 1322  985     055     90030 0030 90100 0100          
15121218 002 5 115 1312  975     065     90030 0030 80140 0100          
15121300 002 5 119 1303  970     070     90030 0030 80140 0100          
15121306 002 5 123 1291  955     080     90040 0040 80140 0100          
15121312 002 5 124 1281  950     085     90050 0050 80140 0100          
15121318 002 5 125 1269  950     085     90050 0050 80140 0100          
15121400 002 5 125 1258  935     095     90060 0060 80150 0120          
15121406 002 5 126 1246  935     095     90060 0060 80150 0120          
15121412 002 5 128 1235  955     080     90050 0050 80120 0090          
15121418 002 5 129 1226  955     080     90050 0050 80120 0090          
15121500 002 5 130 1218  950     085     90050 0050 80120 0090          
15121506 002 5 132 1212  950     085     90050 0050 80120 0090          
15121512 002 5 134 1206  955     080     90040 0040 80120 0090          
15121518 002 5 137 1201  970     070     90030 0030 80120 0090          
15121600 002 5 141 1201  975     065     90030 0030 80120 0090          
15121606 002 4 141 1203  990     050     00000 0000 80120 0090          
15121612 002 3 137 1203  996     045     00000 0000 90090 0090          
15121618 002 3 131 1203 1000     035     00000 0000 90060 0060          
15121700 002 2 125 1201 1008     000                                    